100 125 125
A 59 20 20 44
A 13 57 37 5
A 31 47 20 24
A 8 42 17 38
A 10 0 48 15
A 68 14 47 32
A 34 63 39 47
A 36 55 0 27
A 17 32 22 43
A 20 29 48 3
A 6 20 29 27
A 5 26 15 45
A 39 25 11 29
A 51 30 12 45
A 23 1 42 41
A 57 53 19 44
A 27 3 37 17
A 44 58 22 2
A 8 41 29 13
A 10 6 11 19
A 43 2 48 4
A 44 2 49 7
A 4 24 0 13
A 19 49 9 6
A 64 67 24 18
A 67 6 21 47
A 60 50 13 0
A 69 14 21 12
A 16 31 17 30
A 34 48 39 0
A 2 9 13 3
A 1 2 10 25
A 11 46 46 10
A 64 7 8 34
A 69 11 34 18
A 25 57 31 43
A 19 50 25 15
A 40 54 17 35
A 5 40 38 16
A 54 28 44 28
A 4 60 38 19
A 67 8 3 26
A 19 50 47 16
A 49 60 11 30
A 40 36 45 2
A 20 62 37 8
A 44 26 24 1
A 54 58 31 11
A 48 19 30 17
A 40 65 46 41
A 57 3 8 27
A 63 39 7 5
A 18 65 7 8
A 69 5 18 14
A 43 63 17 47
A 63 18 10 24
A 49 40 41 39
A 48 37 31 7
A 40 21 34 5
A 60 4 10 18
A 11 30 29 20
A 35 7 36 38
A 12 23 37 6
A 41 18 30 21
A 0 43 12 20
A 11 3 28 43
A 24 64 1 47
A 68 1 17 9
A 43 48 32 48
A 68 28 38 40
A 64 18 48 27
A 48 30 48 18
A 16 63 39 19
A 66 19 14 43
A 13 25 40 44
A 39 49 5 12
A 28 7 13 8
A 48 61 0 32
A 21 31 9 9
A 61 30 28 39
A 23 29 8 31
A 60 33 24 23
A 58 66 17 17
A 58 3 32 38
A 22 15 46 22
A 18 56 4 30
A 17 16 39 31
A 58 29 20 3
A 0 29 34 30
A 62 61 4 42
A 69 33 12 7
A 48 14 45 13
A 41 11 35 39
A 10 10 21 37
A 38 11 18 38
A 52 31 41 25
A 60 57 5 24
A 48 61 16 18
A 37 30 27 35
A 44 5 48 15
